base_link:
  sensor_kit_base_link:
    x: 1.600000 # meter
    y: 0.0
    z: 1.421595 # 1.151595m + 0.270m
    roll: 0.0
    pitch: 0.0
    yaw: 0.0